7.342555783
-7.970620541
-8.156572587
7.633161128
-9.466435418
4.095786075
8.9793029
9.76419354
-6.542345545
-3.927211122
0.943667457
9.805720568
-7.239459205
-4.031645366
8.716873727
4.634731896
3.405686196
8.598658295
8.132913322
-3.275564743
-3.460497726
-1.038384148
-5.109128421
-6.219359519
9.51766104
8.606916567
1.296648676
0.138700159
4.892037775
-3.087445148
-4.164192542
1.812799352
-6.733418775
-2.650098863
-8.40728608
2.250648152
4.45625757
-2.097755104
-2.126509432
9.030359005
6.596135627
-2.564124522
-1.092640223
4.802920368
6.134940937
0.281887465
-7.049146504
7.217866536
7.454146126
6.199154777
-5.470072632
-1.101978253
-0.467871597
5.819506708
-2.361065535
-5.882060126
8.628956295
8.177298272
-7.998605456
-5.902816865
-1.041401281
2.360681661
-0.480239719
-7.139493956
6.052543944
1.207806509
4.270952865
1.50778413
-0.568656515
2.554131932
-2.453210857
-5.288228658
-3.206465869
-8.960808603
1.052046813
5.391277339
-9.007108672
8.956846247
8.224301988
7.038756908
-1.520965318
-3.089351593
0.052350077
-4.362617119
-7.214399196
-3.951611534
8.641071999
8.906895762
-2.142956289
-7.092577002
3.230299226
-6.13620795
4.3033737
-8.711569816
-6.231802002
-3.950294609
-5.41790936
-5.087100809
1.802813428
-9.600199586
